1 1 1 2
1 1 2 1
2 1 2 2
1 2 1 3
1 3 3 3
3 3 3 4
3 4 4 4
4 4 6 6
6 6 6 7
6 7 6 8
6 8 8 6
12 12 11 19
11 19 13 10
21 19 22 22
22 22 30 30
15 1 17 3
17 3 18 7
18 7 22 12
22 12 25 15
25 15 25 20
25 20 27 25
27 25 30 30
30 30 32 40
32 40 43 50
43 50 55 70
55 70 80 50
80 50 75 80
75 80 76 81
76 81 76 82
76 82 78 88
78 88 78 80 
78 80 77 75
77 75 74 71 
74 71 70 62 
70 62 60 60 
60 60 58 58 
58 58 56 52
56 52 50 40 
50 40 52 38
52 38 55 32
55 32 40 32
40 32 41 29 
41 29 42 27
42 27 42 25 
42 25 36 25 
36 25 34 20